Euler(75.3,13.1,8.87,0,0,16,40)
values of t    approcimations v(t)
   0.000             0.0000
   0.400             3.5480
   0.800             6.8491
   1.200             9.9205
   1.600            12.7781
   2.000            15.4369
   2.400            17.9107
   2.800            20.2123
   3.200            22.3538
   3.600            24.3462
   4.000            26.2000
   4.400            27.9248
   4.800            29.5296
   5.200            31.0226
   5.600            32.4118
   6.000            33.7043
   6.400            34.9069
   6.800            36.0258
   7.200            37.0668
   7.600            38.0354
   8.000            38.9366
   8.400            39.7751
   8.800            40.5552
   9.200            41.2810
   9.600            41.9563
  10.000            42.5847
  10.400            43.1693
  10.800            43.7132
  11.200            44.2193
  11.600            44.6901
  12.000            45.1282
  12.400            45.5358
  12.800            45.9151
  13.200            46.2679
  13.600            46.5962
  14.000            46.9016
  14.400            47.1858
  14.800            47.4503
  15.200            47.6963
  15.600            47.9252
  16.000            48.1381
diary off
