analyticFreeFall(75.3,13.1,8.87,0,0,16,40)
values of t    approximations v(t)
   0.000             0.0000
   0.400             0.0000
   0.800             3.4274
   1.200             6.6243
   1.600             9.6064
   2.000            12.3880
   2.400            14.9826
   2.800            17.4028
   3.200            19.6603
   3.600            21.7661
   4.000            23.7303
   4.400            25.5624
   4.800            27.2714
   5.200            28.8656
   5.600            30.3525
   6.000            31.7395
   6.400            33.0333
   6.800            34.2401
   7.200            35.3657
   7.600            36.4157
   8.000            37.3952
   8.400            38.3087
   8.800            39.1609
   9.200            39.9558
   9.600            40.6972
  10.000            41.3888
  10.400            42.0339
  10.800            42.6357
  11.200            43.1970
  11.600            43.7206
  12.000            44.2089
  12.400            44.6645
  12.800            45.0894
  13.200            45.4857
  13.600            45.8555
  14.000            46.2003
  14.400            46.5220
  14.800            46.8220
  15.200            47.1019
  15.600            47.3630
  16.000            47.6065
diary off
