analyticFreeFall(75.3,13.1,8.87,0,0,200,40)
values of t    approximations v(t)
   0.000             0.0000
   5.000             0.0000
  10.000            29.6220
  15.000            42.0339
  20.000            47.2347
  25.000            49.4139
  30.000            50.3270
  35.000            50.7096
  40.000            50.8700
  45.000            50.9371
  50.000            50.9653
  55.000            50.9771
  60.000            50.9820
  65.000            50.9841
  70.000            50.9849
  75.000            50.9853
  80.000            50.9855
  85.000            50.9855
  90.000            50.9856
  95.000            50.9856
 100.000            50.9856
 105.000            50.9856
 110.000            50.9856
 115.000            50.9856
 120.000            50.9856
 125.000            50.9856
 130.000            50.9856
 135.000            50.9856
 140.000            50.9856
 145.000            50.9856
 150.000            50.9856
 155.000            50.9856
 160.000            50.9856
 165.000            50.9856
 170.000            50.9856
 175.000            50.9856
 180.000            50.9856
 185.000            50.9856
 190.000            50.9856
 195.000            50.9856
 200.000            50.9856
diary off
